 2:  1
2  4:  3: 1-1
3  6:  5: 2-1 
4  8:  7: 3-1 : 1-1-1
5 10:  9: 4-1 
6 12: 11: 5-1 : 3-2 : 2-1-1
7 14: 13: 6-1
8 16: 


 2   2: (2, 1) 
     3: (3, 1) 
 4  14: (2, 1) (7, 1) 
    15: (3, 1) (5, 1) 
 4  21: (3, 1) (7, 1) 
    22: (2, 1) (11, 1) 
 4  26: (2, 1) (13, 1) 
    27: (3, 3) 
 4  33: (3, 1) (11, 1) 
    34: (2, 1) (17, 1) 
 4  34: (2, 1) (17, 1) 
    35: (5, 1) (7, 1) 
 4  38: (2, 1) (19, 1) 
    39: (3, 1) (13, 1) 
 6  44: (2, 2) (11, 1) 
    45: (3, 2) (5, 1) 
 4  57: (3, 1) (19, 1) 
    58: (2, 1) (29, 1) 
 6  75: (3, 1) (5, 2) 
    76: (2, 2) (19, 1) 
 4  85: (5, 1) (17, 1) 
    86: (2, 1) (43, 1) 
 4  86: (2, 1) (43, 1) 
    87: (3, 1) (29, 1) 
 4  93: (3, 1) (31, 1) 
    94: (2, 1) (47, 1) 
 4  94: (2, 1) (47, 1) 
    95: (5, 1) (19, 1) 
 6  98: (2, 1) (7, 2) 
    99: (3, 2) (11, 1) 
 8 104: (2, 3) (13, 1) 
   105: (3, 1) (5, 1) (7, 1) 
 6 116: (2, 2) (29, 1) 
   117: (3, 2) (13, 1) 
 4 118: (2, 1) (59, 1) 
   119: (7, 1) (17, 1) 
 4 122: (2, 1) (61, 1) 
   123: (3, 1) (41, 1) 
 4 133: (7, 1) (19, 1) 
   134: (2, 1) (67, 1) 
 8 135: (3, 3) (5, 1) 
   136: (2, 3) (17, 1) 
 4 141: (3, 1) (47, 1) 
   142: (2, 1) (71, 1) 
 4 142: (2, 1) (71, 1) 
   143: (11, 1) (13, 1) 
 4 145: (5, 1) (29, 1) 
   146: (2, 1) (73, 1) 
 6 147: (3, 1) (7, 2) 
   148: (2, 2) (37, 1) 
 4 158: (2, 1) (79, 1) 
   159: (3, 1) (53, 1) 
 6 171: (3, 2) (19, 1) 
   172: (2, 2) (43, 1) 
 4 177: (3, 1) (59, 1) 
   178: (2, 1) (89, 1) 
 8 189: (3, 3) (7, 1) 
   190: (2, 1) (5, 1) (19, 1) 
 4 201: (3, 1) (67, 1) 
   202: (2, 1) (101, 1) 
 4 202: (2, 1) (101, 1) 
   203: (7, 1) (29, 1) 
 4 205: (5, 1) (41, 1) 
   206: (2, 1) (103, 1) 
 4 213: (3, 1) (71, 1) 
   214: (2, 1) (107, 1) 
 4 214: (2, 1) (107, 1) 
   215: (5, 1) (43, 1) 
 4 217: (7, 1) (31, 1) 
   218: (2, 1) (109, 1) 
 4 218: (2, 1) (109, 1) 
   219: (3, 1) (73, 1) 
 8 230: (2, 1) (5, 1) (23, 1) 
   231: (3, 1) (7, 1) (11, 1) 
 8 231: (3, 1) (7, 1) (11, 1) 
   232: (2, 3) (29, 1) 
 6 242: (2, 1) (11, 2) 
   243: (3, 5) 
 6 243: (3, 5) 
   244: (2, 2) (61, 1) 
 6 244: (2, 2) (61, 1) 
   245: (5, 1) (7, 2) 
 4 253: (11, 1) (23, 1) 
   254: (2, 1) (127, 1) 
 8 285: (3, 1) (5, 1) (19, 1) 
   286: (2, 1) (11, 1) (13, 1) 
 8 296: (2, 3) (37, 1) 
   297: (3, 3) (11, 1) 
 4 298: (2, 1) (149, 1) 
   299: (13, 1) (23, 1) 
 4 301: (7, 1) (43, 1) 
   302: (2, 1) (151, 1) 
 4 302: (2, 1) (151, 1) 
   303: (3, 1) (101, 1) 
 4 326: (2, 1) (163, 1) 
   327: (3, 1) (109, 1) 
 6 332: (2, 2) (83, 1) 
   333: (3, 2) (37, 1) 
 4 334: (2, 1) (167, 1) 
   335: (5, 1) (67, 1) 
 8 344: (2, 3) (43, 1) 
   345: (3, 1) (5, 1) (23, 1) 
 8 374: (2, 1) (11, 1) (17, 1) 
   375: (3, 1) (5, 3) 
 8 375: (3, 1) (5, 3) 
   376: (2, 3) (47, 1) 
 4 381: (3, 1) (127, 1) 
   382: (2, 1) (191, 1) 
 6 387: (3, 2) (43, 1) 
   388: (2, 2) (97, 1) 
 4 393: (3, 1) (131, 1) 
   394: (2, 1) (197, 1) 
 4 394: (2, 1) (197, 1) 
   395: (5, 1) (79, 1) 
 8 429: (3, 1) (11, 1) (13, 1) 
   430: (2, 1) (5, 1) (43, 1) 
 8 434: (2, 1) (7, 1) (31, 1) 
   435: (3, 1) (5, 1) (29, 1) 
 4 445: (5, 1) (89, 1) 
   446: (2, 1) (223, 1) 
 4 446: (2, 1) (223, 1) 
   447: (3, 1) (149, 1) 
 4 453: (3, 1) (151, 1) 
   454: (2, 1) (227, 1) 
 4 481: (13, 1) (37, 1) 
   482: (2, 1) (241, 1) 
